kVal3 = [15.403330306755699,
7.869937513224537,
4.947859834636368,
3.76118963249848,
3.0902161190703854,
2.4992513907526,
2.0940381777324237,
1.8995819037441177,
1.6586341831856206,
1.538299599045423,
1.2335205526048654]
====================================
Optimal for learned
test_results
(37.17262473919204, 
18.067677490029705, 
11.761446757678266, 
8.613511392520337, 
6.751143001775772, 
5.543608162653103, 
4.663736510972013, 
3.8901593372598486, 
3.274649867821587, 
2.7283981369138015, 
1.7738905450250295, 
0.9219544727728541, 
0.2504640305978964, 
0.008112835099729751,
 0.0)

 New learned 
test_results
(37.17262473919204,
 18.067677490029705,
  11.761446757678266,
   8.613511392520337,
    6.751143001775772,
     5.543608162653103,
      4.663736510972013,
       3.8901593372598486,
        3.274649867821587,
         2.7283981369138015,
          1.7738905450250295,
           0.9219544727728541,
            0.2504640305978964,
             0.008112835099729751,
              0.0)





1/6 1/3 1/2

kVal3 = [15.87055889907569,
7.712673325137469,
5.194464309150175,
3.8849418388200094,
3.019774533357975,
2.574385510996119,
2.2225900540766395,
1.9223321253806658,
1.6636963351626721,
1.5364729389140213,
1.265457642644211]


1/20 4/20 15/20

kVal3 = [31.207931240441507,
15.62570608984918,
10.404634681365657,
7.8000155346462785,
6.22466848261325,
5.161477291293367,
4.417490940354994,
3.8729748044107684,
3.463267257518903,
3.0979405880131456,
2.575146172986322]
++++++++++++++++++++++++++++++++++++++++++++++++++++++++++++++++++++++++++++++++++++++++++++


kVal3 = [15.403330306755699,
7.869937513224537,
4.947859834636368,
3.76118963249848,
3.0902161190703854,
2.4992513907526,
2.0940381777324237,
1.8995819037441177,
1.6586341831856206,
1.538299599045423,
1.2335205526048654]
Space: [0.3333333333333333, 0.3333333333333333, 0.3333333333333333]
15.87055889907569,
7.712673325137469,
5.194464309150175,
3.8849418388200094,
3.019774533357975,
2.574385510996119,
2.2225900540766395,
1.9223321253806658,
1.6636963351626721,
1.5364729389140213,
1.265457642644211]
Space: [0.16666666666666666, 0.3333333333333333, 0.5]
23.581710900232753,
11.74980112974376,
7.858125825278084,
5.864393251535386,
4.734644136072788,
3.909706207698221,
3.315114942990527,
2.916110231707285,
2.5987963327521233,
2.345442322268916,
1.9162468294590465]
Space: [0.07142857142857142, 0.2857142857142857, 0.6428571428571429]
47.785879006532596,
23.9440217056506,
15.880335012682167,
11.91368093443576,
9.525202285200038,
7.89421441561607,
6.775114568016307,
5.9735053929328075,
5.302515809180978,
4.744500601297947,
3.935600856012578]
Space: [0.027777777777777776, 0.2222222222222222, 0.75]
116.0072370024561,
57.96159728304394,
38.5523155997311,
28.992979946914364,
23.120460468342806,
19.280220913383637,
16.529276112267283,
14.49038057204996,
12.912681895976796,
11.547486467448223,
9.584748191418983]
Space: [0.01020408163265306, 0.16326530612244897, 0.826530612244898]
311.2368792502659,
154.69618785137095,
103.38736711851062,
77.41101727827642,
61.96638088274289,
51.55495916798578,
44.29520113349351,
38.659568940349644,
34.38606274390065,
30.926432736320805,
25.801242236024848]
Space: [0.0036231884057971015, 0.11594202898550725, 0.8804347826086957]
882.215754809714,
440.9526327207862,
290.81777056398806,
218.85655361193918,
174.2033378062401,
145.61396939674685,
124.38695196848074,
108.92853259195574,
96.58287599870367,
87.0032542405567,
72.53610064308079]
Space: [0.0012594458438287153, 0.08060453400503778, 0.9181360201511335]
2703.1340023944786,
1287.8975838268263,
845.0761545858009,
628.8542073446737,
510.1182936530256,
422.6157826649418,
360.8603783489886,
314.3154390278526,
278.89916139693963,
252.7705023851039,
209.53867457326598]
Space: [0.0004317789291882556, 0.055267702936096716, 0.944300518134715]
8961.895917869933,
3843.4231235888246,
2446.842352802531,
1921.4423329824647,
1494.8614711310026,
1222.968815536789,
1076.1967971844795,
927.6697494904369,
815.3062548378371,
747.2141558125022,
611.4553820853389]
Space: [0.00014667057788207686, 0.037547667937811675, 0.9623056614843063]
26830.728682045974,
13415.576086286927,
8943.109216598503,
6707.355837143339,
4473.310417051685,
3834.148505861651,
3354.3947192916203,
2981.6538237996147,
2440.654383582558,
2236.5554332425363,
1916.8335141244754]
Space: [4.951475539710834e-05, 0.02535155476331947, 0.9745989304812834]






kVal3 = [15.403330306755699,
7.869937513224537,
4.947859834636368,
3.76118963249848,
3.0902161190703854,
2.4992513907526,
2.0940381777324237,
1.8995819037441177,
1.6586341831856206,
1.538299599045423,
1.2335205526048654]






kVal3 = [15.403330306755699,
kVal3 = [5249077.235336499,
2689085.2353364993,
1681205.2353364993,
1280423.2353364993,
1054393.2353364993,
850489.2353364992,
711971.2353364992,
650263.2353364992,
566891.2353364992,
525305.2353364992,
420993.2353364992]






kVal3 = [5066055.235336499,
2591389.2353364993,
1614607.2353364993,
1232367.2353364993,
1007701.2353364992,
821083.2353364992,
681017.2353364992,
630157.2353364992,
545967.2353364992,
497253.2353364992,
405153.2353364992]






kVal3 = [5389561.052793692,
2751099.052793692,
1722631.0527936919,
1311005.0527936919,
1070321.0527936919,
875897.0527936919,
724861.0527936919,
669047.0527936919,
580045.0527936919,
527203.0527936919,
431615.05279369187]






kVal3 = [685.486328172081,
678.4195050875967,
675.6648694687955,
674.5623756223903,
673.9177306560174,
673.3969878856543,
672.9924549830056,
672.8429634748326,
672.6045816492973,
672.4630503081485,
672.207028623925]






kVal3 = [544.920133169416,
537.8048205614435,
535.0306487857531,
533.9218393021195,
533.2719607669829,
532.7477896608893,
532.3407872851599,
532.1891637807043,
531.948660672436,
531.8061543983137,
531.5490077914286]






kVal3 = [144.4932357329005,
137.22783701477667,
134.40686309959048,
133.2781746254945,
132.61118119557852,
132.07591620933204,
131.66590332628917,
131.50534472183608,
131.2626453359903,
131.1172089061734,
130.8541591337024]






kVal3 = [66.89354214040642,
59.560642705813976,
56.71905056527364,
55.5804038472355,
54.90726084010296,
54.367838996783256,
53.95529235936458,
53.79116614304195,
53.54707399580565,
53.40055549752383,
53.13503625197196]
++++++++++++++++++++++++++++++++++++++++++++++++++++++++++++++++++++++++++











test_results
(37.23725958126093, 18.036190369054985, 11.723252954930777, 8.590782597982102, 6.790333164594934, 5.5545359827940395, 4.62246791961624, 3.8888844249100742, 3.297432230105609, 2.722682458438125, 1.7696586931077056, 0.9193510803275132, 0.24711336809880036, 0.004143465136771846, 0.0)






test_results
[2.38018850e-06 2.34482904e-06 2.31693747e-06 2.29184366e-06
 2.26998522e-06 2.13149581e-06 2.22720092e-06 2.06295055e-06
 1.74613585e-06 1.68440566e-06 1.23372146e-06 7.03035504e-07
 2.87165552e-07 5.66798657e-08 7.17375847e-12]






test_results
[2.38018850e-06 2.34482904e-06 2.31693747e-06 2.29184366e-06
 2.26998522e-06 2.13149581e-06 2.22720092e-06 2.06295055e-06
 1.74613585e-06 1.68440566e-06 1.23372146e-06 7.03035504e-07
 2.87165552e-07 5.66798657e-08 7.17375847e-12]






test_results
[2.38018850e-06 2.34482904e-06 2.31693747e-06 2.29184366e-06
 2.26998522e-06 2.13149581e-06 2.22720092e-06 2.06295055e-06
 1.74613585e-06 1.68440566e-06 1.23372146e-06 7.03035504e-07
 2.87165552e-07 5.66798657e-08 7.17375847e-12]






