kVal3 = [9.896377961751734,
5.088692402165797,
3.5587290836165706,
2.548809994981292,
2.0069527466205326,
1.642153882562234,
1.3919610907325273,
1.212405593207199,
1.0632398003941521,
1.068837903893783,
0.8332768898699624,
0.7199764977579024,
0.5958389606786273,
0.5157191645279354,
0.49999387962445374]


kVal2 = [10.156771379491845,
5.245218966635793,
3.4545194893158646,
2.4372967525287352,
1.8921834643773743,
1.625163720045862,
1.4877000852772326,
1.2110999130906672,
1.0558300657328334,
0.9961849659095082,
0.7987498112884207,
0.6904681271242803,
0.5929011804164304,
0.4983617794787888,
0.5028500548793674]



kVal4 = [10.583345234063563,
5.385922320193567,
3.392499683780597,
2.7957304260189404,
2.5584230648392587,
1.8304574368683262,
1.4772464838442487,
1.2689905052574026,
1.097644471464769,
0.9720462047551238,
0.8041928652742132,
0.7643777822207171,
0.6180681646625837,
0.5505481816364252,
0.5355573417984928]



kVal6 = [10.374648588437386,
5.118690402843119,
3.8095339130009016,
2.6587727422954672,
2.220113186145102,
1.9378741079552642,
1.4271083673694218,
1.3136529257435237,
1.3162479649751309,
1.0603346621348686,
0.8168416414031165,
0.7080703271952767,
0.5997641615289514,
0.5511030956859513,
0.6020817437357956]



kVal8 = [11.32564886181416,
5.651709828915102,
3.616383021262185,
2.961143775782082,
2.488838475128834,
1.758693993463439,
1.462728953048559,
1.5247405980830984,
1.1113214706854413,
1.5745196525258789,
1.0216294071804246,
0.7885899878816565,
0.6183619426888034,
0.582814801516221,
0.47531652542199987]



kVal10 = [11.603220133587397,
5.510957512352958,
3.6621715908488146,
2.712191380063081,
2.4120808052782117,
1.9283508036053092,
1.5814152756413133,
1.2372135154213062,
1.2196847598568648,
1.263571932773795,
0.8324445187956733,
0.743943888396992,
0.6381266754528058,
0.5868460888760134,
0.5250874193640522]



kVal12 = [12.116156567366973,
5.42224470893534,
3.972107408510586,
2.6271426414724806,
2.387427932577943,
2.0585923952293714,
1.8486308719903053,
1.3664840074586977,
1.1065230962571864,
1.1759036734494028,
1.0920300469636817,
0.7321193228416496,
0.6495268949702754,
0.7639534361828442,
0.5852058282296202]

=====================================================================



kVal2 = [kVal2 = [14.026064639326268,
6.078793714782339,
3.7447885002223735,
2.5532411468767724,
1.8967696657866926,
1.494171362354794,
1.196317166021307,
0.9668969287955509,
0.8177025742299547,
0.6883667981867367,
0.5319422399758449,
0.41849495885067506,
0.33762031638261325,
0.27008809260536226,
0.2321254432171958]



kVal4 = [14.322906933569444,
6.360616607435032,
3.806216669454838,
2.6279546112949492,
1.9600339476830297,
1.5056899091328244,
1.2358547920500402,
0.9856579199699693,
0.87252481812284,
0.7256562062648164,
0.5605488752789871,
0.4225344067111958,
0.355785591003864,
0.27227918705091747,
0.22764124806698138]



kVal6 = [14.625082115038579,
6.443400807073522,
3.9245072077622685,
2.6047951102279634,
1.9885875397314379,
1.539107159615314,
1.2368218113863467,
1.0182346388774415,
0.8584846766197574,
0.736326060967101,
0.5362142621071229,
0.4331348971572896,
0.35016708625241244,
0.2970422265110187,
0.26212752414488155]



kVal8 = [15.035392091658744,
6.613494204004358,
3.9064398591497573,
2.7459228098236106,
1.9613314672988336,
1.5443910838369042,
1.229367193971022,
1.0530432547341104,
0.9163222255317587,
0.79390655410616,
0.5415104270798056,
0.4297319683535782,
0.34668663269178196,
0.28011734800047333,
0.24715300530840573]



kVal10 = [15.556121803633872,
6.535728712313787,
4.025954472566436,
2.709584100080381,
1.9948262425382421,
1.5943863915489855,
1.2324396224952363,
1.019405670731956,
0.862246667455515,
0.7390067854563556,
0.6105972262458025,
0.46374901563959964,
0.3366492167959426,
0.2931659886650645,
0.22007238364146023]



kVal12 = [15.968761603211973,
6.641550005508338,
4.101687999575654,
2.7549932063831437,
2.120746849026656,
1.7078418331748837,
1.280762027558011,
1.045160211030549,
0.8706479029553253,
0.7345225903061412,
0.5665019605603,
0.4478972429748289,
0.3419045792649837,
0.27753454951995854,
0.2448680651044748]

=======================================

kVal2 = [19.662653060391786,
8.387174957055365,
4.98397277656957,
3.3659576551617207,
2.4539686555167024,
1.8698196121314004,
1.4839013721881975,
1.1797758310449928,
0.9937531366924675,
0.8300494118319101,
0.5831942648000882,
0.42858949825161274,
0.3472986702464063,
0.2720547732808885,
0.21714684413035584]



kVal4 = [20.2907137581962,
8.610189201209387,
5.165956023061575,
3.428401806734861,
2.5175307956896233,
1.897585715859525,
1.5201217546708665,
1.2022620908018915,
0.9943570137463634,
0.8310368324200373,
0.5880375219823488,
0.4617170509582468,
0.34819632532652206,
0.2782118710804095,
0.21549026248250594]



kVal6 = [20.60042108183758,
8.755344107914462,
5.142213046192515,
3.5482673216828586,
2.5107494195843856,
1.8881195350146684,
1.5059918476597725,
1.235626298029647,
1.0165780572295917,
0.8306206468828927,
0.6017430829555701,
0.44984760264889856,
0.3534353667941065,
0.269680067568946,
0.2217779282936801]



kVal8 = [21.336212630006976,
8.915542897712204,
5.300241142796522,
3.5187385497974155,
2.5685216844905603,
2.000979260087399,
1.5431466074758347,
1.2730054716157384,
0.9973886397669361,
0.8307063321405401,
0.6153629586711441,
0.45029234993859224,
0.3617468367859052,
0.2749803127919929,
0.21456404564984108]



kVal10 = [21.874695511316574,
9.130976036689612,
5.237213515421306,
3.5597369054565187,
2.572214311070127,
1.9576265999681741,
1.5688440242693291,
1.2352141927428668,
1.0430221598397278,
0.8366675779225813,
0.6109562882778488,
0.4635694846235765,
0.35414125010710656,
0.27881166788394135,
0.22101084122521758]



kVal12 = [22.007980969712303,
9.172011114601991,
5.319544807269374,
3.557027619214715,
2.6603395584353056,
2.009821162626539,
1.5668243003390687,
1.2573209892158983,
1.09756694670785,
0.8371572079662808,
0.6106665905019932,
0.45040659694878876,
0.37551360151458896,
0.28450361714194783,
0.22044776667496319]

============================================

kVal2 = [25.671139981149242,
11.116168808118067,
6.485488589579856,
4.319899789051056,
3.1352521390712536,
2.383000860932827,
1.847545525393438,
1.4849173545288739,
1.2128625812479854,
1.0096049093572381,
0.7217922091699547,
0.5274294830730814,
0.388509198924446,
0.30052676032201336,
0.22722506252983682]



kVal4 = [26.532011604232036,
11.26598744098938,
6.619341202776202,
4.488520215600429,
3.1787027251992184,
2.45108391850924,
1.8630423162765268,
1.5287351631896133,
1.2456963559283998,
1.0086623715231167,
0.7324661441226034,
0.5149806392120221,
0.39757551523361473,
0.3081813100051819,
0.2330802218024098]



kVal6 = [27.49089492131237,
11.438961494677313,
6.809366622735971,
4.470677280757947,
3.195537838201752,
2.467351876711155,
1.9200352533631464,
1.5083053496162524,
1.2322519309784847,
1.0567073195611283,
0.741605904938327,
0.5266379145024339,
0.40478939787745377,
0.3048967084620312,
0.24053891946809855]



kVal8 = [27.58302289428479,
11.697412713244084,
6.7948042091862755,
4.552008911266795,
3.2603199732335577,
2.43320426141348,
1.9306887870639742,
1.6111562205456926,
1.2769225119653342,
1.0353512891551027,
0.728536863021915,
0.5458599739680027,
0.4036265265236675,
0.3383098786941567,
0.24967460003345807]



kVal10 = [28.298115332356794,
12.122868579216021,
6.922365076321083,
4.533684506881342,
3.226000987420588,
2.491400872357528,
1.9504943223316182,
1.5598021894623455,
1.270810296919819,
1.0506563082710756,
0.7776549169057013,
0.5298286702872088,
0.4085962714672172,
0.32365361938608556,
0.2434603787288388]



kVal12 = [28.562229938429024,
12.112561866796147,
7.110199401835296,
4.6329284364888625,
3.3139467037697434,
2.516918758134999,
1.968182207660262,
1.5847325191873773,
1.287902465695295,
1.0920422877147742,
0.8174006357030067,
0.5431425272254705,
0.40435689133885255,
0.32027517208455913,
0.24201597009992534]

================================================



hash1 

kVal3 = [9.896377961751734,
5.088692402165797,
3.5587290836165706,
2.548809994981292,
2.0069527466205326,
1.642153882562234,
1.3919610907325273,
1.212405593207199,
1.0632398003941521,
1.068837903893783,
0.8332768898699624,
0.7199764977579024,
0.5958389606786273,
0.5157191645279354,
0.49999387962445374]

hash2

kVal3 = [14.174504147574496,
6.18765479449819,
3.777846688672817,
2.621613902229041,
1.9201454201229788,
1.5484468526988815,
1.2034820856607762,
0.9990615424162427,
0.8578767193154972,
0.7037615828107213,
0.5301877323192551,
0.42682683009429456,
0.33673490205359,
0.28119861434697635,
0.24936042075541756]

hash3

kVal3 = [20.016957520513458,
8.494359053871545,
5.039676354541115,
3.416197777895652,
2.470624237503213,
1.898936278730063,
1.5006507999330838,
1.2147925396702342,
0.9871798533558019,
0.8371082449619108,
0.5926237233916674,
0.44111586686959114,
0.34243501181232483,
0.2678847574087146,
0.21621654704732682]

hash4

kVal3 = [26.165894819306114,
11.108053190143748,
6.525593370409208,
4.391508182942105,
3.154568044295198,
2.386950543285336,
1.8853164030144889,
1.5225413431368149,
1.2281961621165074,
1.024326452671136,
0.7185198483778965,
0.5278211871080409,
0.3857223879257231,
0.2891347013052721,
0.2260907529285997]



